6.00 0.7328 0.0054
12.00 0.7281 0.0054
18.00 0.6993 0.0053
24.00 0.6683 0.0052
30.00 0.6294 0.005
36.00 0.5823 0.0048
42.00 0.5351 0.0046
48.00 0.4941 0.0044
54.00 0.4454 0.0042
60.00 0.3976 0.004
66.00 0.3581 0.0038
72.00 0.3246 0.0036
78.00 0.2812 0.0034
84.00 0.2587 0.0032
90.00 0.232 0.0031
96.00 0.2152 0.0029
102.00 0.2012 0.0028
108.00 0.1831 0.0027
114.00 0.1734 0.0026
120.00 0.1592 0.0025
126.00 0.1525 0.0025
132.00 0.1483 0.0024
138.00 0.1416 0.0024
144.00 0.1384 0.0023
150.00 0.1335 0.0023
156.00 0.1351 0.0023
162.00 0.1305 0.0023
168.00 0.127 0.0023
174.00 0.1286 0.0023
