6.00 0.7993 0.0056
12.00 0.7688 0.0055
18.00 0.7132 0.0054
24.00 0.6592 0.0051
30.00 0.5906 0.0048
36.00 0.5036 0.0045
42.00 0.4326 0.0042
48.00 0.3729 0.0038
54.00 0.3152 0.0035
60.00 0.2709 0.0033
66.00 0.2292 0.003
72.00 0.2006 0.0029
78.00 0.1812 0.0027
84.00 0.1663 0.0026
90.00 0.1567 0.0025
96.00 0.1468 0.0024
102.00 0.143 0.0024
108.00 0.1354 0.0023
114.00 0.129 0.0023
120.00 0.1272 0.0022
126.00 0.1255 0.0022
132.00 0.1192 0.0022
138.00 0.1158 0.0022
144.00 0.1165 0.0021
150.00 0.115 0.0021
156.00 0.1142 0.0021
162.00 0.1097 0.0021
168.00 0.1092 0.0021
174.00 0.1112 0.0021
