6.00 1.907 0.0087
12.00 1.792 0.0085
18.00 1.629 0.0081
24.00 1.43 0.0076
30.00 1.243 0.0071
36.00 1.066 0.0065
42.00 0.8986 0.006
48.00 0.77 0.0055
54.00 0.6406 0.0051
60.00 0.5155 0.0046
66.00 0.4213 0.0041
72.00 0.3121 0.0036
78.00 0.2252 0.003
84.00 0.1467 0.0024
90.00 0.08392 0.0019
96.00 0.03964 0.0013
102.00 0.0128 0.00071
108.00 0.00144 0.00024
114.00 0.00584 0.0005
120.00 0.02276 0.00099
126.00 0.05324 0.0015
132.00 0.0908 0.0019
138.00 0.1309 0.0023
144.00 0.175 0.0027
150.00 0.2168 0.003
156.00 0.2583 0.0032
162.00 0.2964 0.0034
168.00 0.3141 0.0036
174.00 0.332 0.0036
