6.00 2.008 0.009
12.00 1.751 0.0083
18.00 1.379 0.0074
24.00 1.032 0.0064
30.00 0.7618 0.0055
36.00 0.5863 0.0048
42.00 0.4795 0.0043
48.00 0.4009 0.004
54.00 0.3366 0.0037
60.00 0.276 0.0033
66.00 0.2122 0.0029
72.00 0.1616 0.0025
78.00 0.1102 0.0021
84.00 0.07092 0.0017
90.00 0.0396 0.0013
96.00 0.01824 0.00086
102.00 0.00668 0.0005
108.00 0.00156 0.00024
114.00 0.00304 0.00034
120.00 0.00844 0.00063
126.00 0.02124 0.00092
132.00 0.03364 0.0012
138.00 0.05108 0.0014
144.00 0.06908 0.0017
150.00 0.08396 0.0019
156.00 0.1038 0.002
162.00 0.1165 0.0021
168.00 0.1284 0.0022
174.00 0.1344 0.0023
