6.00 1.231 0.007
12.00 0.8324 0.0058
18.00 0.4912 0.0044
24.00 0.3331 0.0036
30.00 0.3018 0.0035
36.00 0.3291 0.0036
42.00 0.3064 0.0035
48.00 0.2512 0.0032
54.00 0.186 0.0027
60.00 0.1303 0.0023
66.00 0.08532 0.0018
72.00 0.05732 0.0015
78.00 0.04136 0.0013
84.00 0.03512 0.0012
90.00 0.029 0.0011
96.00 0.02368 0.00098
102.00 0.01984 0.00087
108.00 0.0152 0.00075
114.00 0.00972 0.00064
120.00 0.00784 0.0006
126.00 0.01104 0.00067
132.00 0.01692 0.00083
138.00 0.02672 0.001
144.00 0.04016 0.0013
150.00 0.05612 0.0015
156.00 0.06964 0.0017
162.00 0.08504 0.0018
168.00 0.09612 0.002
174.00 0.1041 0.002
