6.00 0.5871 0.0049
12.00 0.2994 0.0035
18.00 0.3096 0.0035
24.00 0.4728 0.0043
30.00 0.4722 0.0044
36.00 0.3022 0.0035
42.00 0.1417 0.0024
48.00 0.0646 0.0016
54.00 0.03612 0.0012
60.00 0.02184 0.00089
66.00 0.013 0.00073
72.00 0.013 0.0007
78.00 0.01196 0.0007
84.00 0.00888 0.00061
90.00 0.0058 0.00048
96.00 0.00436 0.00044
102.00 0.00516 0.00045
108.00 0.00484 0.00043
114.00 0.00324 0.00039
120.00 0.00356 0.00036
126.00 0.00312 0.00036
132.00 0.00228 0.00031
138.00 0.00108 0.00021
144.00 0.00056 0.00013
150.00 0.00068 0.00017
156.00 0.0018 0.00025
162.00 0.00196 0.00027
168.00 0.00116 0.00022
174.00 0.00108 0.00022
