6.00 0.1889 0.0027
12.00 0.2144 0.0029
18.00 0.3838 0.0039
24.00 0.4145 0.0041
30.00 0.2436 0.0031
36.00 0.0692 0.0017
42.00 0.01836 0.00087
48.00 0.01428 0.00077
54.00 0.0056 0.00049
60.00 0.001 0.00019
66.00 0.00124 0.0002
72.00 0.0028 0.00035
78.00 0.00396 0.00038
84.00 0.00172 0.00025
90.00 0.00104 0.00022
96.00 0.00136 0.00024
102.00 0.00044 0.00014
108.00 0.0004 0.0001
114.00 0.00012 8.5e-05
120.00 0.00012 7.3e-05
126.00 0.00048 0.00015
132.00 0.0002 9.1e-05
138.00 0.0002 8e-05
144.00 0.00056 0.00016
150.00 8e-05 6.1e-05
156.00 0.00044 0.00013
162.00 0.00072 0.00017
168.00 4e-05 5.4e-05
174.00 0.00232 0.00032
