6.00 0.386 0.0039
12.00 0.395 0.004
18.00 0.3969 0.004
24.00 0.3965 0.004
30.00 0.4051 0.004
36.00 0.388 0.004
42.00 0.3994 0.004
48.00 0.3923 0.004
54.00 0.3958 0.004
60.00 0.4022 0.004
66.00 0.3966 0.004
72.00 0.394 0.004
78.00 0.3926 0.004
84.00 0.4003 0.004
90.00 0.4018 0.004
96.00 0.4001 0.004
102.00 0.4006 0.004
108.00 0.4005 0.004
114.00 0.3931 0.004
120.00 0.3974 0.004
126.00 0.3971 0.004
132.00 0.3987 0.004
138.00 0.3979 0.004
144.00 0.3996 0.004
150.00 0.3994 0.004
156.00 0.3947 0.004
162.00 0.3887 0.004
168.00 0.3854 0.004
174.00 0.3879 0.004
