6.00 0.3943 0.004
12.00 0.3927 0.004
18.00 0.4024 0.004
24.00 0.3987 0.004
30.00 0.4051 0.004
36.00 0.3997 0.004
42.00 0.3999 0.004
48.00 0.3984 0.004
54.00 0.4003 0.004
60.00 0.3991 0.004
66.00 0.4029 0.004
72.00 0.4044 0.004
78.00 0.3968 0.004
84.00 0.3924 0.004
90.00 0.3959 0.004
96.00 0.3884 0.004
102.00 0.3908 0.004
108.00 0.3978 0.004
114.00 0.3855 0.004
120.00 0.3939 0.004
126.00 0.3961 0.004
132.00 0.3915 0.004
138.00 0.3838 0.0039
144.00 0.3892 0.0039
150.00 0.3902 0.0039
156.00 0.3908 0.0039
162.00 0.3935 0.0039
168.00 0.3901 0.0039
174.00 0.3934 0.0039
