6.00 0.3926 0.004
12.00 0.4056 0.004
18.00 0.4086 0.004
24.00 0.4062 0.0041
30.00 0.4075 0.004
36.00 0.4036 0.004
42.00 0.4006 0.004
48.00 0.4073 0.004
54.00 0.3996 0.004
60.00 0.407 0.004
66.00 0.3947 0.004
72.00 0.3962 0.004
78.00 0.3982 0.004
84.00 0.399 0.004
90.00 0.3923 0.004
96.00 0.39 0.004
102.00 0.3884 0.004
108.00 0.386 0.0039
114.00 0.3866 0.0039
120.00 0.3854 0.0039
126.00 0.387 0.0039
132.00 0.3897 0.0039
138.00 0.3852 0.0039
144.00 0.3829 0.0039
150.00 0.3885 0.0039
156.00 0.3871 0.0039
162.00 0.3807 0.0039
168.00 0.3733 0.0039
174.00 0.3843 0.0039
