6.00 0.4158 0.0041
12.00 0.4214 0.0041
18.00 0.418 0.0041
24.00 0.4224 0.0041
30.00 0.4316 0.0041
36.00 0.4235 0.0041
42.00 0.4166 0.0041
48.00 0.4106 0.0041
54.00 0.4117 0.0041
60.00 0.4086 0.004
66.00 0.4102 0.004
72.00 0.3995 0.004
78.00 0.3923 0.004
84.00 0.3938 0.004
90.00 0.3851 0.0039
96.00 0.379 0.0039
102.00 0.3818 0.0039
108.00 0.3703 0.0039
114.00 0.3758 0.0039
120.00 0.3668 0.0038
126.00 0.3668 0.0038
132.00 0.364 0.0038
138.00 0.3584 0.0038
144.00 0.3616 0.0038
150.00 0.3562 0.0038
156.00 0.352 0.0038
162.00 0.3512 0.0038
168.00 0.3529 0.0038
174.00 0.3446 0.0037
