6.00 0.4412 0.0042
12.00 0.4448 0.0042
18.00 0.4546 0.0042
24.00 0.463 0.0042
30.00 0.4486 0.0042
36.00 0.4388 0.0042
42.00 0.4368 0.0042
48.00 0.4286 0.0041
54.00 0.42 0.0041
60.00 0.4194 0.0041
66.00 0.4126 0.004
72.00 0.4034 0.004
78.00 0.3906 0.004
84.00 0.3864 0.0039
90.00 0.3805 0.0039
96.00 0.3745 0.0039
102.00 0.3628 0.0038
108.00 0.3574 0.0038
114.00 0.3518 0.0037
120.00 0.3486 0.0037
126.00 0.3334 0.0037
132.00 0.3348 0.0037
138.00 0.3268 0.0036
144.00 0.327 0.0036
150.00 0.325 0.0036
156.00 0.32 0.0036
162.00 0.3133 0.0036
168.00 0.311 0.0035
174.00 0.3107 0.0035
