6.00 0.4901 0.0044
12.00 0.4918 0.0045
18.00 0.4974 0.0045
24.00 0.4912 0.0044
30.00 0.4937 0.0044
36.00 0.4834 0.0044
42.00 0.4588 0.0043
48.00 0.4516 0.0043
54.00 0.4325 0.0042
60.00 0.4341 0.0041
66.00 0.4147 0.0041
72.00 0.4022 0.004
78.00 0.3809 0.0039
84.00 0.3705 0.0039
90.00 0.3591 0.0038
96.00 0.349 0.0037
102.00 0.329 0.0037
108.00 0.3182 0.0036
114.00 0.3191 0.0035
120.00 0.294 0.0035
126.00 0.2928 0.0034
132.00 0.2906 0.0034
138.00 0.2767 0.0033
144.00 0.2767 0.0033
150.00 0.2661 0.0033
156.00 0.2671 0.0033
162.00 0.2611 0.0032
168.00 0.2566 0.0032
174.00 0.2534 0.0032
