6.00 0.6056 0.0049
12.00 0.607 0.0049
18.00 0.6042 0.0049
24.00 0.584 0.0049
30.00 0.5675 0.0048
36.00 0.5513 0.0047
42.00 0.5138 0.0045
48.00 0.4973 0.0044
54.00 0.4618 0.0043
60.00 0.448 0.0042
66.00 0.4102 0.004
72.00 0.3816 0.0039
78.00 0.3524 0.0038
84.00 0.3349 0.0036
90.00 0.3093 0.0035
96.00 0.2829 0.0034
102.00 0.2651 0.0033
108.00 0.2508 0.0032
114.00 0.2394 0.0031
120.00 0.2178 0.003
126.00 0.2105 0.0029
132.00 0.2016 0.0029
138.00 0.1933 0.0028
144.00 0.1958 0.0027
150.00 0.1831 0.0027
156.00 0.1773 0.0027
162.00 0.1724 0.0026
168.00 0.1736 0.0026
174.00 0.1656 0.0026
