6.00 0.3828 0.0039
12.00 0.3957 0.004
18.00 0.391 0.004
24.00 0.3946 0.004
30.00 0.3968 0.004
36.00 0.4044 0.004
42.00 0.3921 0.004
48.00 0.3947 0.004
54.00 0.3982 0.004
60.00 0.3963 0.004
66.00 0.398 0.004
72.00 0.3974 0.004
78.00 0.4021 0.004
84.00 0.3942 0.004
90.00 0.3976 0.004
96.00 0.4046 0.004
102.00 0.3966 0.004
108.00 0.4003 0.004
114.00 0.3973 0.004
120.00 0.4018 0.004
126.00 0.3958 0.004
132.00 0.3928 0.004
138.00 0.3966 0.004
144.00 0.402 0.004
150.00 0.3892 0.004
156.00 0.3933 0.004
162.00 0.3933 0.004
168.00 0.3944 0.004
174.00 0.3962 0.004

6.00 0.386 0.0039
12.00 0.395 0.004
18.00 0.3969 0.004
24.00 0.3965 0.004
30.00 0.4051 0.004
36.00 0.388 0.004
42.00 0.3994 0.004
48.00 0.3923 0.004
54.00 0.3958 0.004
60.00 0.4022 0.004
66.00 0.3966 0.004
72.00 0.394 0.004
78.00 0.3926 0.004
84.00 0.4003 0.004
90.00 0.4018 0.004
96.00 0.4001 0.004
102.00 0.4006 0.004
108.00 0.4005 0.004
114.00 0.3931 0.004
120.00 0.3974 0.004
126.00 0.3971 0.004
132.00 0.3987 0.004
138.00 0.3979 0.004
144.00 0.3996 0.004
150.00 0.3994 0.004
156.00 0.3947 0.004
162.00 0.3887 0.004
168.00 0.3854 0.004
174.00 0.3879 0.004

6.00 0.3919 0.0039
12.00 0.3967 0.004
18.00 0.3993 0.004
24.00 0.3955 0.004
30.00 0.399 0.004
36.00 0.3937 0.004
42.00 0.4066 0.004
48.00 0.396 0.004
54.00 0.3961 0.004
60.00 0.4052 0.004
66.00 0.3991 0.004
72.00 0.3989 0.004
78.00 0.4032 0.004
84.00 0.393 0.004
90.00 0.3938 0.004
96.00 0.3984 0.004
102.00 0.3928 0.004
108.00 0.3912 0.004
114.00 0.3942 0.004
120.00 0.3927 0.004
126.00 0.3871 0.004
132.00 0.3991 0.004
138.00 0.3942 0.004
144.00 0.3915 0.004
150.00 0.3873 0.004
156.00 0.3959 0.004
162.00 0.3866 0.004
168.00 0.3927 0.004
174.00 0.3928 0.004

6.00 0.3943 0.004
12.00 0.3927 0.004
18.00 0.4024 0.004
24.00 0.3987 0.004
30.00 0.4051 0.004
36.00 0.3997 0.004
42.00 0.3999 0.004
48.00 0.3984 0.004
54.00 0.4003 0.004
60.00 0.3991 0.004
66.00 0.4029 0.004
72.00 0.4044 0.004
78.00 0.3968 0.004
84.00 0.3924 0.004
90.00 0.3959 0.004
96.00 0.3884 0.004
102.00 0.3908 0.004
108.00 0.3978 0.004
114.00 0.3855 0.004
120.00 0.3939 0.004
126.00 0.3961 0.004
132.00 0.3915 0.004
138.00 0.3838 0.0039
144.00 0.3892 0.0039
150.00 0.3902 0.0039
156.00 0.3908 0.0039
162.00 0.3935 0.0039
168.00 0.3901 0.0039
174.00 0.3934 0.0039

6.00 0.3926 0.004
12.00 0.4056 0.004
18.00 0.4086 0.004
24.00 0.4062 0.0041
30.00 0.4075 0.004
36.00 0.4036 0.004
42.00 0.4006 0.004
48.00 0.4073 0.004
54.00 0.3996 0.004
60.00 0.407 0.004
66.00 0.3947 0.004
72.00 0.3962 0.004
78.00 0.3982 0.004
84.00 0.399 0.004
90.00 0.3923 0.004
96.00 0.39 0.004
102.00 0.3884 0.004
108.00 0.386 0.0039
114.00 0.3866 0.0039
120.00 0.3854 0.0039
126.00 0.387 0.0039
132.00 0.3897 0.0039
138.00 0.3852 0.0039
144.00 0.3829 0.0039
150.00 0.3885 0.0039
156.00 0.3871 0.0039
162.00 0.3807 0.0039
168.00 0.3733 0.0039
174.00 0.3843 0.0039

6.00 0.4158 0.0041
12.00 0.4214 0.0041
18.00 0.418 0.0041
24.00 0.4224 0.0041
30.00 0.4316 0.0041
36.00 0.4235 0.0041
42.00 0.4166 0.0041
48.00 0.4106 0.0041
54.00 0.4117 0.0041
60.00 0.4086 0.004
66.00 0.4102 0.004
72.00 0.3995 0.004
78.00 0.3923 0.004
84.00 0.3938 0.004
90.00 0.3851 0.0039
96.00 0.379 0.0039
102.00 0.3818 0.0039
108.00 0.3703 0.0039
114.00 0.3758 0.0039
120.00 0.3668 0.0038
126.00 0.3668 0.0038
132.00 0.364 0.0038
138.00 0.3584 0.0038
144.00 0.3616 0.0038
150.00 0.3562 0.0038
156.00 0.352 0.0038
162.00 0.3512 0.0038
168.00 0.3529 0.0038
174.00 0.3446 0.0037

6.00 0.4412 0.0042
12.00 0.4448 0.0042
18.00 0.4546 0.0042
24.00 0.463 0.0042
30.00 0.4486 0.0042
36.00 0.4388 0.0042
42.00 0.4368 0.0042
48.00 0.4286 0.0041
54.00 0.42 0.0041
60.00 0.4194 0.0041
66.00 0.4126 0.004
72.00 0.4034 0.004
78.00 0.3906 0.004
84.00 0.3864 0.0039
90.00 0.3805 0.0039
96.00 0.3745 0.0039
102.00 0.3628 0.0038
108.00 0.3574 0.0038
114.00 0.3518 0.0037
120.00 0.3486 0.0037
126.00 0.3334 0.0037
132.00 0.3348 0.0037
138.00 0.3268 0.0036
144.00 0.327 0.0036
150.00 0.325 0.0036
156.00 0.32 0.0036
162.00 0.3133 0.0036
168.00 0.311 0.0035
174.00 0.3107 0.0035

6.00 0.4901 0.0044
12.00 0.4918 0.0045
18.00 0.4974 0.0045
24.00 0.4912 0.0044
30.00 0.4937 0.0044
36.00 0.4834 0.0044
42.00 0.4588 0.0043
48.00 0.4516 0.0043
54.00 0.4325 0.0042
60.00 0.4341 0.0041
66.00 0.4147 0.0041
72.00 0.4022 0.004
78.00 0.3809 0.0039
84.00 0.3705 0.0039
90.00 0.3591 0.0038
96.00 0.349 0.0037
102.00 0.329 0.0037
108.00 0.3182 0.0036
114.00 0.3191 0.0035
120.00 0.294 0.0035
126.00 0.2928 0.0034
132.00 0.2906 0.0034
138.00 0.2767 0.0033
144.00 0.2767 0.0033
150.00 0.2661 0.0033
156.00 0.2671 0.0033
162.00 0.2611 0.0032
168.00 0.2566 0.0032
174.00 0.2534 0.0032

6.00 0.6056 0.0049
12.00 0.607 0.0049
18.00 0.6042 0.0049
24.00 0.584 0.0049
30.00 0.5675 0.0048
36.00 0.5513 0.0047
42.00 0.5138 0.0045
48.00 0.4973 0.0044
54.00 0.4618 0.0043
60.00 0.448 0.0042
66.00 0.4102 0.004
72.00 0.3816 0.0039
78.00 0.3524 0.0038
84.00 0.3349 0.0036
90.00 0.3093 0.0035
96.00 0.2829 0.0034
102.00 0.2651 0.0033
108.00 0.2508 0.0032
114.00 0.2394 0.0031
120.00 0.2178 0.003
126.00 0.2105 0.0029
132.00 0.2016 0.0029
138.00 0.1933 0.0028
144.00 0.1958 0.0027
150.00 0.1831 0.0027
156.00 0.1773 0.0027
162.00 0.1724 0.0026
168.00 0.1736 0.0026
174.00 0.1656 0.0026

6.00 0.7328 0.0054
12.00 0.7281 0.0054
18.00 0.6993 0.0053
24.00 0.6683 0.0052
30.00 0.6294 0.005
36.00 0.5823 0.0048
42.00 0.5351 0.0046
48.00 0.4941 0.0044
54.00 0.4454 0.0042
60.00 0.3976 0.004
66.00 0.3581 0.0038
72.00 0.3246 0.0036
78.00 0.2812 0.0034
84.00 0.2587 0.0032
90.00 0.232 0.0031
96.00 0.2152 0.0029
102.00 0.2012 0.0028
108.00 0.1831 0.0027
114.00 0.1734 0.0026
120.00 0.1592 0.0025
126.00 0.1525 0.0025
132.00 0.1483 0.0024
138.00 0.1416 0.0024
144.00 0.1384 0.0023
150.00 0.1335 0.0023
156.00 0.1351 0.0023
162.00 0.1305 0.0023
168.00 0.127 0.0023
174.00 0.1286 0.0023

6.00 0.7993 0.0056
12.00 0.7688 0.0055
18.00 0.7132 0.0054
24.00 0.6592 0.0051
30.00 0.5906 0.0048
36.00 0.5036 0.0045
42.00 0.4326 0.0042
48.00 0.3729 0.0038
54.00 0.3152 0.0035
60.00 0.2709 0.0033
66.00 0.2292 0.003
72.00 0.2006 0.0029
78.00 0.1812 0.0027
84.00 0.1663 0.0026
90.00 0.1567 0.0025
96.00 0.1468 0.0024
102.00 0.143 0.0024
108.00 0.1354 0.0023
114.00 0.129 0.0023
120.00 0.1272 0.0022
126.00 0.1255 0.0022
132.00 0.1192 0.0022
138.00 0.1158 0.0022
144.00 0.1165 0.0021
150.00 0.115 0.0021
156.00 0.1142 0.0021
162.00 0.1097 0.0021
168.00 0.1092 0.0021
174.00 0.1112 0.0021

6.00 1.907 0.0087
12.00 1.792 0.0085
18.00 1.629 0.0081
24.00 1.43 0.0076
30.00 1.243 0.0071
36.00 1.066 0.0065
42.00 0.8986 0.006
48.00 0.77 0.0055
54.00 0.6406 0.0051
60.00 0.5155 0.0046
66.00 0.4213 0.0041
72.00 0.3121 0.0036
78.00 0.2252 0.003
84.00 0.1467 0.0024
90.00 0.08392 0.0019
96.00 0.03964 0.0013
102.00 0.0128 0.00071
108.00 0.00144 0.00024
114.00 0.00584 0.0005
120.00 0.02276 0.00099
126.00 0.05324 0.0015
132.00 0.0908 0.0019
138.00 0.1309 0.0023
144.00 0.175 0.0027
150.00 0.2168 0.003
156.00 0.2583 0.0032
162.00 0.2964 0.0034
168.00 0.3141 0.0036
174.00 0.332 0.0036

6.00 2.008 0.009
12.00 1.751 0.0083
18.00 1.379 0.0074
24.00 1.032 0.0064
30.00 0.7618 0.0055
36.00 0.5863 0.0048
42.00 0.4795 0.0043
48.00 0.4009 0.004
54.00 0.3366 0.0037
60.00 0.276 0.0033
66.00 0.2122 0.0029
72.00 0.1616 0.0025
78.00 0.1102 0.0021
84.00 0.07092 0.0017
90.00 0.0396 0.0013
96.00 0.01824 0.00086
102.00 0.00668 0.0005
108.00 0.00156 0.00024
114.00 0.00304 0.00034
120.00 0.00844 0.00063
126.00 0.02124 0.00092
132.00 0.03364 0.0012
138.00 0.05108 0.0014
144.00 0.06908 0.0017
150.00 0.08396 0.0019
156.00 0.1038 0.002
162.00 0.1165 0.0021
168.00 0.1284 0.0022
174.00 0.1344 0.0023

6.00 1.231 0.007
12.00 0.8324 0.0058
18.00 0.4912 0.0044
24.00 0.3331 0.0036
30.00 0.3018 0.0035
36.00 0.3291 0.0036
42.00 0.3064 0.0035
48.00 0.2512 0.0032
54.00 0.186 0.0027
60.00 0.1303 0.0023
66.00 0.08532 0.0018
72.00 0.05732 0.0015
78.00 0.04136 0.0013
84.00 0.03512 0.0012
90.00 0.029 0.0011
96.00 0.02368 0.00098
102.00 0.01984 0.00087
108.00 0.0152 0.00075
114.00 0.00972 0.00064
120.00 0.00784 0.0006
126.00 0.01104 0.00067
132.00 0.01692 0.00083
138.00 0.02672 0.001
144.00 0.04016 0.0013
150.00 0.05612 0.0015
156.00 0.06964 0.0017
162.00 0.08504 0.0018
168.00 0.09612 0.002
174.00 0.1041 0.002

6.00 0.5871 0.0049
12.00 0.2994 0.0035
18.00 0.3096 0.0035
24.00 0.4728 0.0043
30.00 0.4722 0.0044
36.00 0.3022 0.0035
42.00 0.1417 0.0024
48.00 0.0646 0.0016
54.00 0.03612 0.0012
60.00 0.02184 0.00089
66.00 0.013 0.00073
72.00 0.013 0.0007
78.00 0.01196 0.0007
84.00 0.00888 0.00061
90.00 0.0058 0.00048
96.00 0.00436 0.00044
102.00 0.00516 0.00045
108.00 0.00484 0.00043
114.00 0.00324 0.00039
120.00 0.00356 0.00036
126.00 0.00312 0.00036
132.00 0.00228 0.00031
138.00 0.00108 0.00021
144.00 0.00056 0.00013
150.00 0.00068 0.00017
156.00 0.0018 0.00025
162.00 0.00196 0.00027
168.00 0.00116 0.00022
174.00 0.00108 0.00022

6.00 0.1889 0.0027
12.00 0.2144 0.0029
18.00 0.3838 0.0039
24.00 0.4145 0.0041
30.00 0.2436 0.0031
36.00 0.0692 0.0017
42.00 0.01836 0.00087
48.00 0.01428 0.00077
54.00 0.0056 0.00049
60.00 0.001 0.00019
66.00 0.00124 0.0002
72.00 0.0028 0.00035
78.00 0.00396 0.00038
84.00 0.00172 0.00025
90.00 0.00104 0.00022
96.00 0.00136 0.00024
102.00 0.00044 0.00014
108.00 0.0004 0.0001
114.00 0.00012 8.5e-05
120.00 0.00012 7.3e-05
126.00 0.00048 0.00015
132.00 0.0002 9.1e-05
138.00 0.0002 8e-05
144.00 0.00056 0.00016
150.00 8e-05 6.1e-05
156.00 0.00044 0.00013
162.00 0.00072 0.00017
168.00 4e-05 5.4e-05
174.00 0.00232 0.00032
