1.00200852366523 1.2953181446736108
1.4589057754803576 2.0447644460106607
-0.08696765203783396 -0.6172712865549919
2.850784428449875 2.849282445299568
3.036118727481766 2.9971698798181228
3.2388574601070768 2.363147891560196
1.2706681113799763 0.8864438569032629
5.977785481346691 5.47741152267166
-1.8593962927345533 -2.0258314393711956
2.4072925360774855 2.1444798542152914
1.5549880368136177 0.24299190565705198
3.469198172522156 2.9101833560470665
2.9902301177412354 2.30740960278439
3.798047488192286 3.612571685241737
6.305891428515668 5.489573416350219
2.928836932557164 3.0304900441225535
1.8767097314453776 2.5728524136941533
0.870463331328446 0.4924447684525761
1.7695098206378421 0.48607498764971624
4.879281696453362 4.38809219563772
3.268094580357573 2.0794727178841987
2.773749062981073 3.0339424730583153
4.089012963110573 2.8887870081916014
0.3396620135117314 0.5803669355530381
1.5086843395302754 1.1916279632220534
5.018591146653458 4.507935849121326
5.988310094584066 5.587890392081688
1.5224755953583249 1.4375361102094693
3.4996390551990406 3.3774061864573595
3.378814782043802 2.748702963512839
4.550994759691907 4.523514274582219
6.05964157808477 5.748629190761562
0.9180689218783318 -0.5031474513768861
4.356107326184981 4.19156327259781
2.0937942145342507 1.1416660374843832
1.0928928738650217 0.9814847565650022
0.5832737332168962 0.3076832200112268
3.257880504499245 2.7825745107810014
5.612612066137653 5.038021580234556
4.855461144467291 4.389239567326987
0.7271722198195691 -0.08759782857136872
3.962014230267001 3.9433327258222923
4.651449911820408 3.9330660733116183
3.66551800796413 3.3012572681909047
4.159382993290099 3.900848923450123
-2.132984862596455 -2.8853279705522628
1.0137493527959536 0.7864646791735564
2.1422253380542235 2.056844766173484
2.1574190845407735 2.4663248517339533
1.9384570657672142 1.294682141576049
2.97839806496372 3.1271605398106623
3.512281921174442 3.518198922359474
2.5852998820294433 2.841526942694746
4.638225132487074 4.886171540020812
2.847982622379101 2.816500238280751
2.313043047611522 1.7940057252692725
4.868643587539309 5.06575764679172
1.5645578171141155 0.4325382534605654
2.731181673873849 2.6825643582020398
5.260621495430664 5.4367712162171475
3.364103603242739 2.737813544698364
0.5907133922712222 -0.8401761961770162
0.13294625972744134 -0.6092086916006927
0.2974164628584681 -1.5412094141626556
5.260377204480424 4.634062178284401
7.1275029080996966 7.018456891770493
2.680801529756247 2.0634137864405586
1.3233626200567548 1.567680293452953
5.187534740453346 3.4743726504499683
1.087415621361989 1.799229035881932
3.879497822621759 2.9994805641558693
5.713005000328142 5.421589514227172
6.474993024390653 6.422853231195429
3.7108018950869126 3.0358756900860904
3.4843461154522393 3.5557949429588804
-1.1218701283654884 -0.9940279055504416
0.9487384208892577 1.1357998303288612
5.3555148059017945 4.992901524304305
3.5405371869041504 3.0922184977615297
-1.0161634117319567 -1.203903767698913
2.007070249201486 1.5068284888750492
1.4056419273310021 0.6158296278071407
1.931255742851305 2.6189744196895717
4.611576884094002 3.8621745479036447
3.077748892341156 2.9929979339123385
4.297546602596597 3.6848604542130334
2.6054583962611657 1.7463511904897215
1.9074412708247783 1.8994889396340453
5.603938650439613 5.150525377048878
2.193931411024976 1.9979630773066352
0.6857533693775739 0.2172517649682346
1.2519371485525472 0.0768469861220239
1.5066689220685838 0.9018863994727768
3.40777094659428 3.7388129994429162
0.31923871115976477 0.017147164799610298
0.2075367025004038 0.4807680369099257
-0.4194575544116388 -1.4015761234965236
1.0799848374586767 0.4438856440744202
2.9885782450621723 3.076646083174462
1.685779128310939 1.1547518661683884
