0.20 3.363e+01
0.40 3.211e+01
0.60 2.973e+01
0.80 2.669e+01
1.00 2.322e+01
1.20 1.957e+01
1.40 1.597e+01
1.60 1.261e+01
1.80 9.625e+00
2.00 7.086e+00
2.20 5.020e+00
2.40 3.412e+00
2.60 2.214e+00
2.80 1.362e+00
3.00 7.861e-01
3.20 4.184e-01
3.40 1.994e-01
3.60 8.039e-02
3.80 2.387e-02
4.00 3.116e-03
4.20 2.735e-04
4.40 4.438e-03
4.60 9.671e-03
4.80 1.332e-02
5.00 1.468e-02
5.20 1.405e-02
5.40 1.211e-02
5.60 9.576e-03
5.80 6.996e-03
6.00 4.724e-03
6.20 2.929e-03
6.40 1.642e-03
6.60 8.049e-04
6.80 3.217e-04
7.00 8.664e-05
7.20 6.070e-06
7.40 7.342e-06
7.60 4.072e-05
7.80 7.663e-05
8.00 1.009e-04
8.20 1.095e-04
8.40 1.046e-04
8.60 9.042e-05
8.80 7.183e-05
9.00 5.273e-05
9.20 3.573e-05
9.40 2.218e-05
9.60 1.238e-05
9.80 5.985e-06
